m=[1,2.01,3.04,4.08,5.11,6.11];
x=[6.75,7.66,8.59,9.5,10.46,11.37];