L=[0, 4.39, 8.63, 12.71, 16.92, 21.1, 25.52, 29.51, 34.01, 37.92]
U=[1.52, 1.48, 1.36, 1.24, 1.12, 1.00, 0.88, 0.84, 0.80, 0.76]
L=L+60